Alpha: 0.1645808219909668 sec 
AlphaQ: 0.3958902359008789 sec
Faster: Alpha
